step,seed1,seed2,seed3, seed4,seed5,seed6
0,0.000000,0.001000,0.250000,0.500000,0.999000,0.111111
1,0.000000,0.002000,0.500000,0.000000,0.998000,0.222222
2,0.000000,0.004000,0.000000,0.000000,0.996000,0.444444
3,0.000000,0.008000,0.000000,0.000000,0.992000,0.888889
4,0.000000,0.016000,0.000000,0.000000,0.984000,0.777778
5,0.000000,0.032000,0.000000,0.000000,0.968000,0.555556
6,0.000000,0.064000,0.000000,0.000000,0.936000,0.111111
7,0.000000,0.128000,0.000000,0.000000,0.872000,0.222222
8,0.000000,0.256000,0.000000,0.000000,0.744000,0.444444
9,0.000000,0.512000,0.000000,0.000000,0.488000,0.888889
10,0.000000,0.024000,0.000000,0.000000,0.976000,0.777778
11,0.000000,0.048000,0.000000,0.000000,0.952000,0.555556
12,0.000000,0.096000,0.000000,0.000000,0.904000,0.111111
13,0.000000,0.192000,0.000000,0.000000,0.808000,0.222222
14,0.000000,0.384000,0.000000,0.000000,0.616000,0.444444
15,0.000000,0.768000,0.000000,0.000000,0.232000,0.888889
16,0.000000,0.536000,0.000000,0.000000,0.464000,0.777778
17,0.000000,0.072000,0.000000,0.000000,0.928000,0.555556
18,0.000000,0.144000,0.000000,0.000000,0.856000,0.111111
19,0.000000,0.288000,0.000000,0.000000,0.712000,0.222222
20,0.000000,0.576000,0.000000,0.000000,0.424000,0.444444
21,0.000000,0.152000,0.000000,0.000000,0.848000,0.888889
22,0.000000,0.304000,0.000000,0.000000,0.696000,0.777778
23,0.000000,0.608000,0.000000,0.000000,0.392000,0.555556
24,0.000000,0.216000,0.000000,0.000000,0.784000,0.111111
25,0.000000,0.432000,0.000000,0.000000,0.568000,0.222222
26,0.000000,0.864000,0.000000,0.000000,0.136000,0.444444
27,0.000000,0.728000,0.000000,0.000000,0.272000,0.888889
28,0.000000,0.456000,0.000000,0.000000,0.544000,0.777778
29,0.000000,0.912000,0.000000,0.000000,0.088000,0.555556
30,0.000000,0.824000,0.000000,0.000000,0.176000,0.111111
31,0.000000,0.648000,0.000000,0.000000,0.352000,0.222222
32,0.000000,0.296000,0.000000,0.000000,0.704000,0.444444
33,0.000000,0.592000,0.000000,0.000000,0.408000,0.888889
34,0.000000,0.184000,0.000000,0.000000,0.816000,0.777778
35,0.000000,0.368000,0.000000,0.000000,0.632000,0.555556
36,0.000000,0.736000,0.000000,0.000000,0.264000,0.111111
37,0.000000,0.472000,0.000000,0.000000,0.528000,0.222222
38,0.000000,0.944000,0.000000,0.000000,0.056000,0.444444
39,0.000000,0.888000,0.000000,0.000000,0.112000,0.888889
40,0.000000,0.776000,0.000000,0.000000,0.224000,0.777778
41,0.000000,0.552000,0.000000,0.000000,0.448000,0.555556
42,0.000000,0.104000,0.000000,0.000000,0.896000,0.111111
43,0.000000,0.208000,0.000000,0.000000,0.792000,0.222222
44,0.000000,0.416000,0.000000,0.000000,0.584000,0.444444
45,0.000000,0.832000,0.000000,0.000000,0.168000,0.888889
46,0.000000,0.664000,0.000000,0.000000,0.336000,0.777778

...,...,...,...,...,...,...
100,0.000000,0.376000,0.000000,0.000000,0.624000,0.777778
